2
18
C                    -4.23573   1.57708  -0.57251
N                    -3.37283   0.40913  -0.65438
C                    -2.37099   0.22723   0.24401
C                    -1.81497  -2.03831   1.13837
C                    -1.51782  -1.01399   0.04529
H                    -3.66149   2.49747  -0.71051
H                    -4.99929   1.49853  -1.34728
H                    -4.71462   1.6142    0.40775
H                    -3.39723  -0.17015  -1.48383
O                    -2.18026   0.99394   1.19685
H                    -1.1658   -2.90787   1.00647
H                    -1.63335  -1.58733   2.11738
H                    -2.85858  -2.36759   1.08568
H                    -1.70015  -1.46817  -0.93663
H                     0.0811    0.38783   0.32587
O                     0.55034  -2.36518  -1.16861
N                    -0.12573  -0.58875   0.09183
C                     0.80331  -1.30275  -0.57126
18
H                     0.0811    0.38783   0.32587
H                     4.21615   2.53028  -0.03393
H                     3.12145   3.02983   1.27794
H                     2.8637    3.64536  -0.35674
O                     0.98629   1.88709  -0.1028
H                     3.78947   0.43618  -0.12961
O                     0.55034  -2.36518  -1.16861
N                    -0.12573  -0.58875   0.09183
C                     0.80331  -1.30275  -0.57126
H                     2.69485  -1.26357  -1.43071
H                     3.96719  -1.7521    0.66898
H                     2.46763  -1.55961   1.6076
H                     2.6267   -2.88877   0.4266
C                     2.87592  -1.84546   0.6337
C                     2.29151  -0.94679  -0.46235
N                     2.77957   0.42625  -0.23132
C                     2.20271   1.6494   -0.06199
C                     3.18009   2.7723    0.21649