10
37
O                   4.181288    1.002855   -0.134993
C                   2.467925    4.764933    0.044228
C                   3.334110    4.491406   -1.194102
C                   3.580951    2.984527   -1.305526
C                   4.206787    2.432526   -0.030654
C                   3.400565    2.860421    1.212214
C                   4.138574    2.599495    2.522651
O                   3.127723    4.277391    1.199792
O                   5.366488    3.311713    2.606931
H                   2.619106    2.479662   -1.466280
H                   5.240289    2.787944    0.057896
H                   2.453092    2.305205    1.216023
H                   4.389223    1.538363    2.594490
H                   3.474682    2.859582    3.358853
O                   1.221991    4.120246   -0.133920
H                  -0.774221    3.279334    1.214779
H                   0.855086    4.574659    2.593885
H                   2.332260    5.838133    0.209150
H                   4.294926    5.000228   -1.052708
H                   5.161775    4.256417    2.561583
C                   5.363022    0.245507    0.037035
H                   6.225534    0.899008    0.199474
C                  -2.893438    4.519361    0.034245
C                  -2.220007    5.127428   -1.204830
C                  -0.791507    4.586789   -1.310695
C                  -0.003708    4.857341   -0.034868
C                  -0.780579    4.377463    1.207652
C                  -0.188463    4.889659    2.517980
O                  -2.143791    4.850608    1.190425
O                  -0.189299    6.309477    2.597382
H                  -0.835125    3.500813   -1.467555
H                   0.205042    5.930402    0.050202
H                  -0.748746    4.448504    3.354097
O                  -2.958960    3.117453   -0.139012
H                  -3.890688    4.940036    0.195184
H                  -2.179956    6.214457   -1.067576
H                  -1.109171    6.605811    2.547839
37
C                  -2.467925   -4.764933    0.044228
C                  -3.334110   -4.491406   -1.194102
C                  -3.580951   -2.984527   -1.305526
C                  -4.206787   -2.432526   -0.030654
C                  -3.400565   -2.860421    1.212214
C                  -4.138574   -2.599495    2.522651
O                  -3.127723   -4.277391    1.199792
O                  -5.366488   -3.311713    2.606931
H                  -2.619106   -2.479662   -1.466280
H                  -5.240289   -2.787944    0.057896
H                  -2.453092   -2.305205    1.216023
H                  -4.389223   -1.538363    2.594490
H                  -3.474682   -2.859582    3.358853
O                  -1.221991   -4.120246   -0.133920
H                   0.774221   -3.279334    1.214779
H                  -0.855086   -4.574659    2.593885
O                  -4.181288   -1.002855   -0.134993
H                  -2.332260   -5.838133    0.209150
H                  -4.294926   -5.000228   -1.052708
H                  -5.161775   -4.256417    2.561583
C                  -5.363022   -0.245507    0.037035
H                  -6.225534   -0.899008    0.199474
C                   2.893438   -4.519361    0.034245
C                   2.220007   -5.127428   -1.204830
C                   0.791507   -4.586789   -1.310695
C                   0.003708   -4.857341   -0.034868
C                   0.780579   -4.377463    1.207652
C                   0.188463   -4.889659    2.517980
O                   2.143791   -4.850608    1.190425
O                   0.189299   -6.309477    2.597382
H                   0.835125   -3.500813   -1.467555
H                  -0.205042   -5.930402    0.050202
H                   0.748746   -4.448504    3.354097
O                   2.958960   -3.117453   -0.139012
H                   3.890688   -4.940036    0.195184
H                   2.179956   -6.214457   -1.067576
H                   1.109171   -6.605811    2.547839
38
H                   0.774221   -3.279334    1.214779
O                   2.958960   -3.117453   -0.139012
C                   5.363022    0.245507    0.037035
C                   5.553709   -0.639284   -1.203665
C                   4.370819   -1.605129   -1.312192
C                   4.210612   -2.425558   -0.038253
C                   4.184061   -1.516064    1.206700
C                   4.332602   -2.288563    2.514794
O                   5.275217   -0.571696    1.191526
O                   5.563171   -2.997064    2.591615
H                   3.452477   -1.023541   -1.467935
H                   5.035036   -3.143639    0.045083
H                   3.229853   -0.972579    1.215832
H                   3.538626   -3.035629    2.588811
H                   4.230506   -1.585298    3.353015
O                   4.181288    1.002855   -0.134993
H                   6.225534    0.899008    0.199474
H                   6.474682   -1.218199   -1.066739
H                   6.279232   -2.347913    2.543666
C                   2.893438   -4.519361    0.034245
H                   3.890688   -4.940036    0.195184
H                  -1.813371   -4.914575   -2.403920
O                  -1.221991   -4.120246   -0.133920
C                   2.220007   -5.127428   -1.204830
C                   0.791507   -4.586789   -1.310695
C                   0.003708   -4.857341   -0.034868
C                   0.780579   -4.377463    1.207652
O                   2.933709   -4.906463   -2.408039
O                   0.096573   -5.195935   -2.402214
O                   2.143791   -4.850608    1.190425
H                   0.696098   -5.186087   -3.164911
H                   2.179956   -6.214457   -1.067576
H                   0.835125   -3.500813   -1.467555
H                  -0.205042   -5.930402    0.050202
H                   3.346640   -4.018703   -2.411873
O                   4.550625   -2.509136   -2.405736
H                   4.842633   -1.983388   -3.167026
O                  -2.788372   -5.003687   -2.396466
38
H                  -0.774221    3.279334    1.214779
O                  -2.958960    3.117453   -0.139012
C                  -5.363022   -0.245507    0.037035
C                  -5.553709    0.639284   -1.203665
C                  -4.370819    1.605129   -1.312192
C                  -4.210612    2.425558   -0.038253
C                  -4.184061    1.516064    1.206700
C                  -4.332602    2.288563    2.514794
O                  -5.275217    0.571696    1.191526
O                  -5.563171    2.997064    2.591615
H                  -3.452477    1.023541   -1.467935
H                  -5.035036    3.143639    0.045083
H                  -3.229853    0.972579    1.215832
H                  -3.538626    3.035629    2.588811
H                  -4.230506    1.585298    3.353015
O                  -4.181288   -1.002855   -0.134993
H                  -6.225534   -0.899008    0.199474
H                  -6.474682    1.218199   -1.066739
H                  -6.279232    2.347913    2.543666
C                  -2.893438    4.519361    0.034245
H                  -3.890688    4.940036    0.195184
H                   1.813371    4.914575   -2.403920
O                   1.221991    4.120246   -0.133920
C                  -2.220007    5.127428   -1.204830
C                  -0.791507    4.586789   -1.310695
C                  -0.003708    4.857341   -0.034868
C                  -0.780579    4.377463    1.207652
O                  -2.933709    4.906463   -2.408039
O                  -0.096573    5.195935   -2.402214
O                  -2.143791    4.850608    1.190425
H                  -0.696098    5.186087   -3.164911
H                  -2.179956    6.214457   -1.067576
H                  -0.835125    3.500813   -1.467555
H                   0.205042    5.930402    0.050202
H                  -3.346640    4.018703   -2.411873
O                  -4.550625    2.509136   -2.405736
H                  -4.842633    1.983388   -3.167026
O                   2.788372    5.003687   -2.396466
40
H                   3.346640   -4.018703   -2.411873
O                   2.958960   -3.117453   -0.139012
C                   5.363022    0.245507    0.037035
C                   5.553709   -0.639284   -1.203665
C                   4.370819   -1.605129   -1.312192
C                   4.210612   -2.425558   -0.038253
C                   4.184061   -1.516064    1.206700
O                   5.720562    0.091421   -2.405413
O                   4.550625   -2.509136   -2.405736
O                   5.275217   -0.571696    1.191526
H                   4.842633   -1.983388   -3.167026
H                   6.474682   -1.218199   -1.066739
H                   3.452477   -1.023541   -1.467935
H                   5.035036   -3.143639    0.045083
H                   3.229853   -0.972579    1.215832
H                   5.159775    0.894026   -2.407775
O                   4.181288    1.002855   -0.134993
H                   6.225534    0.899008    0.199474
C                   2.467925    4.764933    0.044228
C                   3.334110    4.491406   -1.194102
C                   3.580951    2.984527   -1.305526
C                   4.206787    2.432526   -0.030654
C                   3.400565    2.860421    1.212214
O                   2.788372    5.003687   -2.396466
O                   4.458135    2.691850   -2.396539
O                   3.127723    4.277391    1.199792
H                   4.151508    3.209650   -3.157538
H                   4.294926    5.000228   -1.052708
H                   2.619106    2.479662   -1.466280
H                   5.240289    2.787944    0.057896
H                   2.453092    2.305205    1.216023
H                   1.813371    4.914575   -2.403920
O                   1.221991    4.120246   -0.133920
H                   2.332260    5.838133    0.209150
C                   4.138574    2.599495    2.522651
H                   4.389223    1.538363    2.594490
H                   3.474682    2.859582    3.358853
O                   5.366488    3.311713    2.606931
H                   5.161775    4.256417    2.561583
O                   2.933709   -4.906463   -2.408039
40
H                  -3.346640    4.018703   -2.411873
O                  -2.958960    3.117453   -0.139012
C                  -5.363022   -0.245507    0.037035
C                  -5.553709    0.639284   -1.203665
C                  -4.370819    1.605129   -1.312192
C                  -4.210612    2.425558   -0.038253
C                  -4.184061    1.516064    1.206700
O                  -5.720562   -0.091421   -2.405413
O                  -4.550625    2.509136   -2.405736
O                  -5.275217    0.571696    1.191526
H                  -4.842633    1.983388   -3.167026
H                  -6.474682    1.218199   -1.066739
H                  -3.452477    1.023541   -1.467935
H                  -5.035036    3.143639    0.045083
H                  -3.229853    0.972579    1.215832
H                  -5.159775   -0.894026   -2.407775
O                  -4.181288   -1.002855   -0.134993
H                  -6.225534   -0.899008    0.199474
C                  -2.467925   -4.764933    0.044228
C                  -3.334110   -4.491406   -1.194102
C                  -3.580951   -2.984527   -1.305526
C                  -4.206787   -2.432526   -0.030654
C                  -3.400565   -2.860421    1.212214
O                  -2.788372   -5.003687   -2.396466
O                  -4.458135   -2.691850   -2.396539
O                  -3.127723   -4.277391    1.199792
H                  -4.151508   -3.209650   -3.157538
H                  -4.294926   -5.000228   -1.052708
H                  -2.619106   -2.479662   -1.466280
H                  -5.240289   -2.787944    0.057896
H                  -2.453092   -2.305205    1.216023
H                  -1.813371   -4.914575   -2.403920
O                  -1.221991   -4.120246   -0.133920
H                  -2.332260   -5.838133    0.209150
C                  -4.138574   -2.599495    2.522651
H                  -4.389223   -1.538363    2.594490
H                  -3.474682   -2.859582    3.358853
O                  -5.366488   -3.311713    2.606931
H                  -5.161775   -4.256417    2.561583
O                  -2.933709    4.906463   -2.408039
37
C                  -2.467925   -4.764933    0.044228
C                  -3.334110   -4.491406   -1.194102
C                  -3.580951   -2.984527   -1.305526
C                  -4.206787   -2.432526   -0.030654
C                  -3.400565   -2.860421    1.212214
O                  -2.788372   -5.003687   -2.396466
O                  -3.127723   -4.277391    1.199792
H                  -2.332260   -5.838133    0.209150
H                  -4.294926   -5.000228   -1.052708
H                  -2.619106   -2.479662   -1.466280
H                  -2.453092   -2.305205    1.216023
H                  -1.813371   -4.914575   -2.403920
O                  -1.221991   -4.120246   -0.133920
C                   0.791507   -4.586789   -1.310695
C                   0.003708   -4.857341   -0.034868
C                   0.780579   -4.377463    1.207652
C                   0.188463   -4.889659    2.517980
O                   0.096573   -5.195935   -2.402214
H                   0.835125   -3.500813   -1.467555
H                  -0.205042   -5.930402    0.050202
H                   0.774221   -3.279334    1.214779
H                  -0.855086   -4.574659    2.593885
H                  -5.240289   -2.787944    0.057896
H                   0.748746   -4.448504    3.354097
H                   0.696098   -5.186087   -3.164911
C                   2.893438   -4.519361    0.034245
C                   2.220007   -5.127428   -1.204830
O                   2.143791   -4.850608    1.190425
O                   0.189299   -6.309477    2.597382
H                   2.179956   -6.214457   -1.067576
H                   1.109171   -6.605811    2.547839
O                   2.958960   -3.117453   -0.139012
H                   3.890688   -4.940036    0.195184
C                   4.210612   -2.425558   -0.038253
H                   5.035036   -3.143639    0.045083
O                  -4.458135   -2.691850   -2.396539
H                  -4.151508   -3.209650   -3.157538
37
C                   2.467925    4.764933    0.044228
C                   3.334110    4.491406   -1.194102
C                   3.580951    2.984527   -1.305526
C                   4.206787    2.432526   -0.030654
C                   3.400565    2.860421    1.212214
O                   2.788372    5.003687   -2.396466
O                   3.127723    4.277391    1.199792
H                   2.332260    5.838133    0.209150
H                   4.294926    5.000228   -1.052708
H                   2.619106    2.479662   -1.466280
H                   2.453092    2.305205    1.216023
H                   1.813371    4.914575   -2.403920
O                   1.221991    4.120246   -0.133920
C                  -0.791507    4.586789   -1.310695
C                  -0.003708    4.857341   -0.034868
C                  -0.780579    4.377463    1.207652
C                  -0.188463    4.889659    2.517980
O                  -0.096573    5.195935   -2.402214
H                  -0.835125    3.500813   -1.467555
H                   0.205042    5.930402    0.050202
H                  -0.774221    3.279334    1.214779
H                   0.855086    4.574659    2.593885
H                   5.240289    2.787944    0.057896
H                  -0.748746    4.448504    3.354097
H                  -0.696098    5.186087   -3.164911
C                  -2.893438    4.519361    0.034245
C                  -2.220007    5.127428   -1.204830
O                  -2.143791    4.850608    1.190425
O                  -0.189299    6.309477    2.597382
H                  -2.179956    6.214457   -1.067576
H                  -1.109171    6.605811    2.547839
O                  -2.958960    3.117453   -0.139012
H                  -3.890688    4.940036    0.195184
C                  -4.210612    2.425558   -0.038253
H                  -5.035036    3.143639    0.045083
O                   4.458135    2.691850   -2.396539
H                   4.151508    3.209650   -3.157538
36
C                   5.363022    0.245507    0.037035
C                   4.184061   -1.516064    1.206700
O                   5.275217   -0.571696    1.191526
H                   6.225534    0.899008    0.199474
H                   3.229853   -0.972579    1.215832
H                   4.230506   -1.585298    3.353015
O                   4.181288    1.002855   -0.134993
C                   4.206787    2.432526   -0.030654
C                   3.400565    2.860421    1.212214
C                   4.138574    2.599495    2.522651
O                   3.127723    4.277391    1.199792
O                   5.366488    3.311713    2.606931
H                   5.240289    2.787944    0.057896
H                   2.453092    2.305205    1.216023
H                   4.389223    1.538363    2.594490
H                   3.474682    2.859582    3.358853
H                   5.161775    4.256417    2.561583
C                   4.332602   -2.288563    2.514794
H                   3.538626   -3.035629    2.588811
C                   2.893438   -4.519361    0.034245
C                   0.780579   -4.377463    1.207652
O                   2.143791   -4.850608    1.190425
H                   3.890688   -4.940036    0.195184
H                   0.774221   -3.279334    1.214779
H                   0.748746   -4.448504    3.354097
O                   2.958960   -3.117453   -0.139012
C                   4.210612   -2.425558   -0.038253
O                   5.563171   -2.997064    2.591615
H                   5.035036   -3.143639    0.045083
H                   6.279232   -2.347913    2.543666
C                   0.188463   -4.889659    2.517980
H                  -0.855086   -4.574659    2.593885
C                   5.553709   -0.639284   -1.203665
C                   4.370819   -1.605129   -1.312192
H                   6.474682   -1.218199   -1.066739
H                   3.452477   -1.023541   -1.467935
36
C                  -4.206787   -2.432526   -0.030654
C                  -3.400565   -2.860421    1.212214
C                  -4.138574   -2.599495    2.522651
O                  -3.127723   -4.277391    1.199792
O                  -5.366488   -3.311713    2.606931
H                  -5.240289   -2.787944    0.057896
H                  -2.453092   -2.305205    1.216023
H                  -4.389223   -1.538363    2.594490
H                  -3.474682   -2.859582    3.358853
H                  -5.161775   -4.256417    2.561583
C                  -5.363022   -0.245507    0.037035
C                  -4.184061    1.516064    1.206700
O                  -5.275217    0.571696    1.191526
H                  -6.225534   -0.899008    0.199474
H                  -3.229853    0.972579    1.215832
H                  -4.230506    1.585298    3.353015
O                  -4.181288   -1.002855   -0.134993
C                  -4.332602    2.288563    2.514794
H                  -3.538626    3.035629    2.588811
C                  -2.893438    4.519361    0.034245
C                  -0.780579    4.377463    1.207652
O                  -2.143791    4.850608    1.190425
H                  -3.890688    4.940036    0.195184
H                  -0.774221    3.279334    1.214779
H                  -0.748746    4.448504    3.354097
O                  -2.958960    3.117453   -0.139012
C                  -4.210612    2.425558   -0.038253
O                  -5.563171    2.997064    2.591615
H                  -5.035036    3.143639    0.045083
H                  -6.279232    2.347913    2.543666
C                  -0.188463    4.889659    2.517980
H                   0.855086    4.574659    2.593885
C                  -5.553709    0.639284   -1.203665
C                  -4.370819    1.605129   -1.312192
H                  -6.474682    1.218199   -1.066739
H                  -3.452477    1.023541   -1.467935