4
26
C          1.336703    0.629558   -0.170956
C         -0.035341    0.614822   -0.073667
C         -0.766718   -0.535402   -0.413896
C         -0.060589   -1.664335   -0.846444
C          1.317630   -1.633922   -0.934766
N         -2.131221   -0.518762   -0.309955
C         -2.982754   -1.631971   -0.622201
H         -0.558543    1.486759    0.269295
H         -0.580812   -2.562084   -1.111455
H         -2.588273    0.306713    0.001131
C          2.043712   -0.493339   -0.608336
H          1.847451    1.528442    0.116005
H          1.853945   -2.502241   -1.260717
C         -4.426967   -1.270885   -0.395677
H         -2.858315   -1.942123   -1.658457
H         -2.738055   -2.497008   -0.007937
N         -4.740225   -0.082796    0.026932
C         -5.458466   -2.223843   -0.641434
C         -6.044074    0.217691    0.222830
N         -6.717735   -1.957278   -0.460179
H         -5.212966   -3.207382   -0.990216
C         -7.057728   -0.713853   -0.016987
C         -6.474049    1.492234    0.682981
N         -8.360291   -0.425989    0.174474
N         -7.731178    1.758508    0.863900
C         -8.652992    0.782986    0.602558
25
C          2.043712   -0.493339   -0.608336
C         -0.035341    0.614822   -0.073667
C         -0.766718   -0.535402   -0.413896
C         -0.060589   -1.664335   -0.846444
C          1.317630   -1.633922   -0.934766
N         -2.131221   -0.518762   -0.309955
H         -0.580812   -2.562084   -1.111455
H          1.853945   -2.502241   -1.260717
C          1.336703    0.629558   -0.170956
H         -0.558543    1.486759    0.269295
H         -2.588273    0.306713    0.001131
H          1.847451    1.528442    0.116005
C          3.515116   -0.553494   -0.735645
O          4.103150   -1.616582   -0.972378
N          4.225601    0.594317   -0.595246
H          3.782905    1.476393   -0.502039
C          5.667499    0.595053   -0.719225
H          5.953013   -0.067735   -1.524732
C          6.078811    1.996634   -1.081650
O          5.367473    2.976149   -1.000357
C          6.349404    0.117230    0.586767
H          6.285619    0.904188    1.331974
H          5.770841   -0.718299    0.948210
O          7.354838    2.075262   -1.498444
H          7.642896    2.959448   -1.715904
18
C          5.667499    0.595053   -0.719225
C          6.349404    0.117230    0.586767
C          7.803734   -0.335049    0.392315
H          6.285619    0.904188    1.331974
H          5.770841   -0.718299    0.948210
H          7.818289   -1.186102   -0.281568
H          5.953013   -0.067735   -1.524732
H          8.417467    0.440971   -0.034144
N          4.225601    0.594317   -0.595246
H          3.782905    1.476393   -0.502039
C          6.078811    1.996634   -1.081650
O          5.367473    2.976149   -1.000357
O          7.354838    2.075262   -1.498444
H          7.642896    2.959448   -1.715904
C          8.447472   -0.759897    1.673925
O          9.516204   -0.368809    2.091541
O          7.714829   -1.670123    2.356943
H          8.122448   -1.963440    3.168603
16
C         -4.426967   -1.270885   -0.395677
N         -4.740225   -0.082796    0.026932
N         -6.717735   -1.957278   -0.460179
C         -7.057728   -0.713853   -0.016987
C         -6.044074    0.217691    0.222830
C         -6.474049    1.492234    0.682981
N         -7.731178    1.758508    0.863900
N         -8.360291   -0.425989    0.174474
O         -5.564403    2.435730    0.934438
C         -5.458466   -2.223843   -0.641434
C         -8.652992    0.782986    0.602558
H         -5.953219    3.252511    1.237377
H         -5.212966   -3.207382   -0.990216
N         -9.935387    1.115990    0.807798
H        -10.167020    2.022335    1.129658
H        -10.643746    0.446414    0.633972