7
37
C       -2.1004291992      -1.8966650511      -0.7942276197
O       -0.9458926779      -2.3260628197      -0.7479793545
N       -2.4669655185      -0.8375784357      -1.5595907801
C       -1.4739966942      -0.0350241276      -2.2595235212
C       -0.6599616793      0.8931047457      -1.3427245923
O       0.555806804      1.0238197792      -1.4944882075
H       -3.3933714846      -0.4426513656      -1.4369116465
N       -1.3520873815      1.5439157342      -0.3745333402
C       -0.6599395762      2.3975350065      0.5815041618
C       0.3464886793      1.6468993924      1.4729687251
H       -2.3623025011      1.4521329097      -0.3263649949
N       -0.037613811      0.417951674      1.9172243542
H       -0.9852221742      0.0852556615      1.7614167971
H       0.6327676459      -1.6475256676      0.3974829501
H       2.3972798581      0.2152764361      -0.786938625
H       -0.7595689113      -0.6897547602      -2.7603073025
H       -1.9908763745      0.5630122368      -3.017121821
H       -0.0864007901      3.171738181      0.0655148445
H       -1.4148840438      2.882939689      1.2082264778
O       1.427170292      2.1548490278      1.7549449359
C       0.877785926      -0.3988325903      2.6971309317
C       1.9839534263      -1.0637701149      1.8595301797
O       3.155445398      -1.0748758827      2.2492944061
N       1.6064886304      -1.6325955203      0.6876443034
C       2.5744520401      -2.3079191221      -0.1614311642
C       3.6787604749      -1.3948653957      -0.7087778667
N       3.3614569372      -0.0915888717      -0.8848872784
H       0.2941232787      -1.1741477165      3.2046176593
H       2.0279281535      -2.7582198089      -0.9955776203
H       3.0875320299      -3.1044066224      0.3856717985
H       1.3855648738      0.2103491688      3.4479900259
O       4.8039856435      -1.8499084014      -0.9422528361
H       3.8560197355      1.8406707019      -1.4385028763
C       4.355062379      0.8749672102      -1.3182997867
H       4.7881974226      0.5922592271      -2.2830172632
O       -2.8570508542      -0.6904565726      1.9678797264
C       -3.9590844367      -0.7516980736      1.4159283373
37
C       -0.6599616793      0.8931047457      -1.3427245923
O       0.555806804      1.0238197792      -1.4944882075
C       0.3464886793      1.6468993924      1.4729687251
O       1.427170292      2.1548490278      1.7549449359
C       1.9839534263      -1.0637701149      1.8595301797
O       3.155445398      -1.0748758827      2.2492944061
N       1.6064886304      -1.6325955203      0.6876443034
C       2.5744520401      -2.3079191221      -0.1614311642
C       3.6787604749      -1.3948653957      -0.7087778667
O       4.8039856435      -1.8499084014      -0.9422528361
H       0.6327676459      -1.6475256676      0.3974829501
N       3.3614569372      -0.0915888717      -0.8848872784
C       4.355062379      0.8749672102      -1.3182997867
C       5.54042033      1.0486717704      -0.3598300046
H       2.3972798581      0.2152764361      -0.786938625
N       5.3778034151      0.6407355565      0.9202491475
H       4.5066137001      0.2104334405      1.220792208
H       2.0279281535      -2.7582198089      -0.9955776203
H       4.7881974226      0.5922592271      -2.2830172632
H       3.8560197355      1.8406707019      -1.4385028763
H       3.0875320299      -3.1044066224      0.3856717985
O       6.5992006335      1.5266744463      -0.7812941403
C       -3.2202522283      -2.5884944634      0.0008196777
C       -2.1004291992      -1.8966650511      -0.7942276197
O       -0.9458926779      -2.3260628197      -0.7479793545
N       -2.4669655185      -0.8375784357      -1.5595907801
C       -1.4739966942      -0.0350241276      -2.2595235212
H       -3.3933714846      -0.4426513656      -1.4369116465
H       -0.9852221742      0.0852556615      1.7614167971
H       -3.6944343729      -3.3424977942      -0.6348343632
H       -2.7390741586      -3.095236827      0.83999244
H       -0.7595689113      -0.6897547602      -2.7603073025
H       -1.9908763745      0.5630122368      -3.017121821
N       -0.037613811      0.417951674      1.9172243542
C       0.877785926      -0.3988325903      2.6971309317
H       0.2941232787      -1.1741477165      3.2046176593
H       1.3855648738      0.2103491688      3.4479900259
38
C       -5.6821924066      0.9645551323      -0.4473127349
O       -4.5188328943      1.2975914257      -0.7151988326
C       -3.9590844367      -0.7516980736      1.4159283373
O       -2.8570508542      -0.6904565726      1.9678797264
C       -2.1004291992      -1.8966650511      -0.7942276197
N       -2.4669655185      -0.8375784357      -1.5595907801
C       -1.4739966942      -0.0350241276      -2.2595235212
C       -0.6599616793      0.8931047457      -1.3427245923
O       0.555806804      1.0238197792      -1.4944882075
H       -3.3933714846      -0.4426513656      -1.4369116465
N       -1.3520873815      1.5439157342      -0.3745333402
C       -0.6599395762      2.3975350065      0.5815041618
C       0.3464886793      1.6468993924      1.4729687251
H       -2.3623025011      1.4521329097      -0.3263649949
N       -0.037613811      0.417951674      1.9172243542
H       -0.9852221742      0.0852556615      1.7614167971
H       -4.5390588061      1.1795682476      2.0715835546
H       -1.9908763745      0.5630122368      -3.017121821
H       -0.0864007901      3.171738181      0.0655148445
H       -1.4148840438      2.882939689      1.2082264778
C       -5.0536840128      0.2538155696      1.8000260119
O       -0.9458926779      -2.3260628197      -0.7479793545
H       -0.7595689113      -0.6897547602      -2.7603073025
O       1.427170292      2.1548490278      1.7549449359
N       -6.0456954213      0.494242109      0.7650259522
H       -5.5754583858      -0.1139871044      2.6885283133
H       -7.0039209076      0.1969352058      0.9381659631
C       -6.7635828696      1.0560257294      -1.5310000374
N       -4.2554455062      -1.683884159      0.4783450019
H       -5.1552225616      -1.6766794352      0.0020631045
H       -7.1168263599      2.089602937      -1.5923717613
H       -6.2714946745      0.811414269      -2.4765918179
C       -3.2202522283      -2.5884944634      0.0008196777
H       -3.6944343729      -3.3424977942      -0.6348343632
H       -2.7390741586      -3.095236827      0.83999244
H       0.2941232787      -1.1741477165      3.2046176593
C       0.877785926      -0.3988325903      2.6971309317
H       1.3855648738      0.2103491688      3.4479900259
39
C       0.3464886793      1.6468993924      1.4729687251
O       1.427170292      2.1548490278      1.7549449359
N       -0.037613811      0.417951674      1.9172243542
C       0.877785926      -0.3988325903      2.6971309317
C       1.9839534263      -1.0637701149      1.8595301797
O       3.155445398      -1.0748758827      2.2492944061
H       -0.9852221742      0.0852556615      1.7614167971
N       1.6064886304      -1.6325955203      0.6876443034
C       2.5744520401      -2.3079191221      -0.1614311642
C       3.6787604749      -1.3948653957      -0.7087778667
H       0.6327676459      -1.6475256676      0.3974829501
N       3.3614569372      -0.0915888717      -0.8848872784
H       2.3972798581      0.2152764361      -0.786938625
H       4.5066137001      0.2104334405      1.220792208
H       0.2941232787      -1.1741477165      3.2046176593
H       1.3855648738      0.2103491688      3.4479900259
H       2.0279281535      -2.7582198089      -0.9955776203
H       3.0875320299      -3.1044066224      0.3856717985
O       4.8039856435      -1.8499084014      -0.9422528361
H       6.480306389      -1.3583231791      0.1690850533
N       5.3778034151      0.6407355565      0.9202491475
H       6.1147274856      0.3459137937      2.8320734453
C       6.4921842674      0.6472718141      1.8506406886
H       6.9143955954      1.6521115982      1.942191043
C       4.355062379      0.8749672102      -1.3182997867
C       5.54042033      1.0486717704      -0.3598300046
O       6.5992006335      1.5266744463      -0.7812941403
C       7.6612737427      -0.2720918328      1.4679816333
N       7.4095154176      -1.2560400106      0.5728532063
H       3.8560197355      1.8406707019      -1.4385028763
H       4.7881974226      0.5922592271      -2.2830172632
H       8.3273480667      0.2883956383      -1.0063082887
O       8.776661206      -0.0797780509      1.9645548602
H       8.0144953428      -2.9230619762      -0.4988966664
C       8.4727180183      -2.0989939849      0.0546990599
H       9.0529357388      -2.5259042752      0.877965201
C       9.4953564806      -1.4102853391      -0.8660264273
N       9.2098040767      -0.1437544232      -1.2701360843
O       10.5157622473      -2.0196968395      -1.1829404722
39
O       -6.6841101823      -1.7125991965      -1.4028788967
C       -5.6821924066      0.9645551323      -0.4473127349
O       -4.5188328943      1.2975914257      -0.7151988326
N       -6.0456954213      0.494242109      0.7650259522
C       -5.0536840128      0.2538155696      1.8000260119
C       -3.9590844367      -0.7516980736      1.4159283373
O       -2.8570508542      -0.6904565726      1.9678797264
H       -7.0039209076      0.1969352058      0.9381659631
N       -4.2554455062      -1.683884159      0.4783450019
C       -3.2202522283      -2.5884944634      0.0008196777
C       -2.1004291992      -1.8966650511      -0.7942276197
H       -5.1552225616      -1.6766794352      0.0020631045
N       -2.4669655185      -0.8375784357      -1.5595907801
H       -3.3933714846      -0.4426513656      -1.4369116465
H       -5.5754583858      -0.1139871044      2.6885283133
H       -4.5390588061      1.1795682476      2.0715835546
H       -3.6944343729      -3.3424977942      -0.6348343632
H       -2.7390741586      -3.095236827      0.83999244
C       -7.7655671479      -1.1448700777      -1.2187992741
O       -0.9458926779      -2.3260628197      -0.7479793545
N       -7.9150304726      0.1973733203      -1.3090494527
C       -6.7635828696      1.0560257294      -1.5310000374
H       -8.8077262305      0.6396345942      -1.0960387287
H       -7.1168263599      2.089602937      -1.5923717613
H       -6.2714946745      0.811414269      -2.4765918179
O       -8.7645734455      -0.6657523999      1.6000129229
C       -9.8353634326      -0.5913495488      0.9943214467
C       -9.0000219101      -1.9779360682      -0.8455319636
H       -9.4115804993      -2.4270903514      -1.7541696339
H       -8.6388449899      -2.7884684107      -0.2065372619
N       -10.0581732516      -1.2351951548      -0.1781726361
H       -10.9437842108      -1.0923079926      -0.6455123039
C       -10.9778973877      0.2560250743      1.5589034564
H       -11.5287540537      -0.3469413394      2.2875367516
H       -10.5026606933      1.0836948605      2.0951577816
O       -10.342040921      1.8552012759      -0.61720205
C       -11.5373911347      1.6434634988      -0.3999545428
N       -11.9282177399      0.7510921919      0.566533625
H       -12.9138274026      0.690282734      0.7884099227
29
O       -10.342040921      1.8552012759      -0.61720205
C       -9.8353634326      -0.5913495488      0.9943214467
O       -8.7645734455      -0.6657523999      1.6000129229
N       -10.0581732516      -1.2351951548      -0.1781726361
C       -9.0000219101      -1.9779360682      -0.8455319636
C       -7.7655671479      -1.1448700777      -1.2187992741
O       -6.6841101823      -1.7125991965      -1.4028788967
H       -10.9437842108      -1.0923079926      -0.6455123039
N       -7.9150304726      0.1973733203      -1.3090494527
C       -6.7635828696      1.0560257294      -1.5310000374
C       -5.6821924066      0.9645551323      -0.4473127349
H       -8.8077262305      0.6396345942      -1.0960387287
N       -6.0456954213      0.494242109      0.7650259522
H       -7.0039209076      0.1969352058      0.9381659631
H       -9.4115804993      -2.4270903514      -1.7541696339
H       -8.6388449899      -2.7884684107      -0.2065372619
H       -7.1168263599      2.089602937      -1.5923717613
H       -6.2714946745      0.811414269      -2.4765918179
C       -11.5373911347      1.6434634988      -0.3999545428
O       -4.5188328943      1.2975914257      -0.7151988326
C       -10.9778973877      0.2560250743      1.5589034564
N       -11.9282177399      0.7510921919      0.566533625
H       -11.5287540537      -0.3469413394      2.2875367516
H       -10.5026606933      1.0836948605      2.0951577816
H       -12.9138274026      0.690282734      0.7884099227
C       -12.6358677364      2.3288911957      -1.182474956
H       -12.3963239193      2.2884114781      -2.2486854741
H       -13.6264706532      1.8951938038      -1.0157061441
H       -12.6622312657      3.3857860862      -0.8933653385
29
C       5.54042033      1.0486717704      -0.3598300046
O       6.5992006335      1.5266744463      -0.7812941403
C       6.4921842674      0.6472718141      1.8506406886
C       7.6612737427      -0.2720918328      1.4679816333
O       8.776661206      -0.0797780509      1.9645548602
N       7.4095154176      -1.2560400106      0.5728532063
C       8.4727180183      -2.0989939849      0.0546990599
C       9.4953564806      -1.4102853391      -0.8660264273
O       10.5157622473      -2.0196968395      -1.1829404722
H       6.480306389      -1.3583231791      0.1690850533
N       9.2098040767      -0.1437544232      -1.2701360843
C       10.1722489966      0.6736334094      -1.984575782
C       11.0280602159      1.6137991602      -1.1183592712
H       8.3273480667      0.2883956383      -1.0063082887
N       10.8682090949      1.5382788857      0.2221109572
H       10.2066934008      0.8807746657      0.6241547321
H       8.0144953428      -2.9230619762      -0.4988966664
H       9.0529357388      -2.5259042752      0.877965201
H       10.8584370211      0.0152606759      -2.5236941792
H       9.6507289485      1.2962917263      -2.717568011
N       5.3778034151      0.6407355565      0.9202491475
H       6.1147274856      0.3459137937      2.8320734453
H       6.9143955954      1.6521115982      1.942191043
O       11.8160840581      2.3896503366      -1.6653312708
H       4.5066137001      0.2104334405      1.220792208
H       11.3174238912      2.1715960878      2.1453342798
C       11.6482675987      2.3696739504      1.1233060599
H       12.7183114651      2.1465505296      1.037593961
H       11.5061157817      3.4312909484      0.8923841224